0,515
0,514
0,474
25,5
41,36
33,25
33,24
33,23
33,22
33,21
33,20
30,4
30,1
30,3
26,4
26,1
26,3
27,5
29,1
29,3
41,35
28,4
28,5
28,1
28,3
27,1
27,3
24,5
25,4
25,1
25,3
24,4
24,1
24,3
3,2
3,1
3,3
10,210
10,315
10,16
10,244
10,195
10,309
10,72
10,1
10,304
10,2
10,3
11,30
11,14
11,24
11,18
11,26
11,12
11,1
11,16
11,2
11,3
9,7
9,4
9,1
9,6
9,2
9,3
8,15
8,11
8,8
8,6
8,13
8,1
8,17
8,2
8,3
12,2
12,1
12,3
20,2
20,1
20,3
19,2
19,1
19,3
40,3
40,2
40,1
40,0
39,3
39,2
39,1
39,0
38,3
18,1
38,2
38,1
38,0
37,3
37,2
37,1
18,3
37,0
36,4
36,3
14,3
13,1
36,2
36,1
36,0
35,7
35,6
35,5
35,4
35,3
13,3
35,2
35,1
35,0
34,5
34,4
34,3
